
> # none = wse(ds, "none", "ldt", "h", 1, 3)
> a = wse(ds, "A1", "lht", "h", 1, 5, 1)
[1] "lhtThreshold"
[1] "even_ave_list"
[[1]]
[1] 0.4976753

[[2]]
[1] 0.4976753

[[3]]
[1] 0.4976753

[[4]]
[1] 0.4976753

[[5]]
[1] 0.4976753

[[6]]
[1] 0.4976753

[[7]]
[1] 0.4976753

[[8]]
[1] 0.4976753

[[9]]
[1] 0.4976753

[[10]]
[1] 0.4976753

[[11]]
[1] 0.4976753

[[12]]
[1] 0.4976753

[[13]]
[1] 0.4976753

[[14]]
[1] 0.4976753

[[15]]
[1] 0.4976753

[[16]]
[1] 0.4976753

[1] "lhtThreshold"
[1] "even_ave_list"
[[1]]
[1] 0.4763652

[[2]]
[1] 0.4763652

[[3]]
[1] 0.4763652

[[4]]
[1] 0.4763652

[[5]]
[1] 0.4763652

[[6]]
[1] 0.4763652

[[7]]
[1] 0.4763652

[[8]]
[1] 0.4763652

[[9]]
[1] 0.4763652

[[10]]
[1] 0.4763652

[[11]]
[1] 0.4763652

[[12]]
[1] 0.4763652

[[13]]
[1] 0.4763652

[[14]]
[1] 0.4763652

[[15]]
[1] 0.4763652

[[16]]
[1] 0.4763652

[1] "lhtThreshold"
[1] "even_ave_list"
[[1]]
[1] 0.5172994

[[2]]
[1] 0.5172994

[[3]]
[1] 0.5172994

[[4]]
[1] 0.5172994

[[5]]
[1] 0.5172994

[[6]]
[1] 0.5172994

[[7]]
[1] 0.5172994

[[8]]
[1] 0.5172994

[[9]]
[1] 0.5172994

[[10]]
[1] 0.5172994

[[11]]
[1] 0.5172994

[[12]]
[1] 0.5172994

[[13]]
[1] 0.5172994

[[14]]
[1] 0.5172994

[[15]]
[1] 0.5172994

[[16]]
[1] 0.5172994

[1] "lhtThreshold"
[1] "even_ave_list"
[[1]]
[1] 0.4845173

[[2]]
[1] 0.4845173

[[3]]
[1] 0.4845173

[[4]]
[1] 0.4845173

[[5]]
[1] 0.4845173

[[6]]
[1] 0.4845173

[[7]]
[1] 0.4845173

[[8]]
[1] 0.4845173

[[9]]
[1] 0.4845173

[[10]]
[1] 0.4845173

[[11]]
[1] 0.4845173

[[12]]
[1] 0.4845173

[[13]]
[1] 0.4845173

[[14]]
[1] 0.4845173

[[15]]
[1] 0.4845173

[[16]]
[1] 0.4845173

[1] "lhtThreshold"
[1] "even_ave_list"
[[1]]
[1] 0.5172994

[[2]]
[1] 0.5172994

[[3]]
[1] 0.5172994

[[4]]
[1] 0.5172994

[[5]]
[1] 0.5172994

[[6]]
[1] 0.5172994

[[7]]
[1] 0.5172994

[[8]]
[1] 0.5172994

[[9]]
[1] 0.5172994

[[10]]
[1] 0.5172994

[[11]]
[1] 0.5172994

[[12]]
[1] 0.5172994

[[13]]
[1] 0.5172994

[[14]]
[1] 0.5172994

[[15]]
[1] 0.5172994

[[16]]
[1] 0.5172994

[1] "lhtThreshold"
[1] "even_ave_list"
[[1]]
[1] 0.4845173

[[2]]
[1] 0.4845173

[[3]]
[1] 0.4845173

[[4]]
[1] 0.4845173

[[5]]
[1] 0.4845173

[[6]]
[1] 0.4845173

[[7]]
[1] 0.4845173

[[8]]
[1] 0.4845173

[[9]]
[1] 0.4845173

[[10]]
[1] 0.4845173

[[11]]
[1] 0.4845173

[[12]]
[1] 0.4845173

[[13]]
[1] 0.4845173

[[14]]
[1] 0.4845173

[[15]]
[1] 0.4845173

[[16]]
[1] 0.4845173

[1] "lhtThreshold"
[1] "even_ave_list"
[[1]]
[1] 0.5110416

[[2]]
[1] 0.5110416

[[3]]
[1] 0.5110416

[[4]]
[1] 0.5110416

[[5]]
[1] 0.5110416

[[6]]
[1] 0.5110416

[[7]]
[1] 0.5110416

[[8]]
[1] 0.5110416

[[9]]
[1] 0.5110416

[[10]]
[1] 0.5110416

[[11]]
[1] 0.5110416

[[12]]
[1] 0.5110416

[[13]]
[1] 0.5110416

[[14]]
[1] 0.5110416

[[15]]
[1] 0.5110416

[[16]]
[1] 0.5110416

[1] "lhtThreshold"
[1] "even_ave_list"
[[1]]
[1] 0.4845173

[[2]]
[1] 0.4845173

[[3]]
[1] 0.4845173

[[4]]
[1] 0.4845173

[[5]]
[1] 0.4845173

[[6]]
[1] 0.4845173

[[7]]
[1] 0.4845173

[[8]]
[1] 0.4845173

[[9]]
[1] 0.4845173

[[10]]
[1] 0.4845173

[[11]]
[1] 0.4845173

[[12]]
[1] 0.4845173

[[13]]
[1] 0.4845173

[[14]]
[1] 0.4845173

[[15]]
[1] 0.4845173

[[16]]
[1] 0.4845173

[1] "lhtThreshold"
[1] "even_ave_list"
[[1]]
[1] 0.4871509

[[2]]
[1] 0.4871509

[[3]]
[1] 0.4871509

[[4]]
[1] 0.4871509

[[5]]
[1] 0.4871509

[[6]]
[1] 0.4871509

[[7]]
[1] 0.4871509

[[8]]
[1] 0.4871509

[[9]]
[1] 0.4871509

[[10]]
[1] 0.4871509

[[11]]
[1] 0.4871509

[[12]]
[1] 0.4871509

[[13]]
[1] 0.4871509

[[14]]
[1] 0.4871509

[[15]]
[1] 0.4871509

[[16]]
[1] 0.4871509

[1] "lhtThreshold"
[1] "even_ave_list"
[[1]]
[1] 0.4713883

[[2]]
[1] 0.4713883

[[3]]
[1] 0.4713883

[[4]]
[1] 0.4713883

[[5]]
[1] 0.4713883

[[6]]
[1] 0.4713883

[[7]]
[1] 0.4713883

[[8]]
[1] 0.4713883

[[9]]
[1] 0.4713883

[[10]]
[1] 0.4713883

[[11]]
[1] 0.4713883

[[12]]
[1] 0.4713883

[[13]]
[1] 0.4713883

[[14]]
[1] 0.4713883

[[15]]
[1] 0.4713883

[[16]]
[1] 0.4713883

[1] "lhtThreshold"
[1] "even_ave_list"
[[1]]
[1] 0.4733383

[[2]]
[1] 0.4733383

[[3]]
[1] 0.4733383

[[4]]
[1] 0.4733383

[[5]]
[1] 0.4733383

[[6]]
[1] 0.4733383

[[7]]
[1] 0.4733383

[[8]]
[1] 0.4733383

[[9]]
[1] 0.4733383

[[10]]
[1] 0.4733383

[[11]]
[1] 0.4733383

[[12]]
[1] 0.4733383

[[13]]
[1] 0.4733383

[[14]]
[1] 0.4733383

[[15]]
[1] 0.4733383

[[16]]
[1] 0.4733383

[1] "lhtThreshold"
[1] "even_ave_list"
[[1]]
[1] 0.4851851

[[2]]
[1] 0.4851851

[[3]]
[1] 0.4851851

[[4]]
[1] 0.4851851

[[5]]
[1] 0.4851851

[[6]]
[1] 0.4851851

[[7]]
[1] 0.4851851

[[8]]
[1] 0.4851851

[[9]]
[1] 0.4851851

[[10]]
[1] 0.4851851

[[11]]
[1] 0.4851851

[[12]]
[1] 0.4851851

[[13]]
[1] 0.4851851

[[14]]
[1] 0.4851851

[[15]]
[1] 0.4851851

[[16]]
[1] 0.4851851

[1] "lhtThreshold"
[1] "even_ave_list"
[[1]]
[1] 0.4864824

[[2]]
[1] 0.4864824

[[3]]
[1] 0.4864824

[[4]]
[1] 0.4864824

[[5]]
[1] 0.4864824

[[6]]
[1] 0.4864824

[[7]]
[1] 0.4864824

[[8]]
[1] 0.4864824

[[9]]
[1] 0.4864824

[[10]]
[1] 0.4864824

[[11]]
[1] 0.4864824

[[12]]
[1] 0.4864824

[[13]]
[1] 0.4864824

[[14]]
[1] 0.4864824

[[15]]
[1] 0.4864824

[[16]]
[1] 0.4864824

[1] "lhtThreshold"
[1] "even_ave_list"
[[1]]
[1] 0.4566525

[[2]]
[1] 0.4566525

[[3]]
[1] 0.4566525

[[4]]
[1] 0.4566525

[[5]]
[1] 0.4566525

[[6]]
[1] 0.4566525

[[7]]
[1] 0.4566525

[[8]]
[1] 0.4566525

[[9]]
[1] 0.4566525

[[10]]
[1] 0.4566525

[[11]]
[1] 0.4566525

[[12]]
[1] 0.4566525

[[13]]
[1] 0.4566525

[[14]]
[1] 0.4566525

[[15]]
[1] 0.4566525

[[16]]
[1] 0.4566525

[1] "lhtThreshold"
[1] "even_ave_list"
[[1]]
[1] 0.4585099

[[2]]
[1] 0.4585099

[[3]]
[1] 0.4585099

[[4]]
[1] 0.4585099

[[5]]
[1] 0.4585099

[[6]]
[1] 0.4585099

[[7]]
[1] 0.4585099

[[8]]
[1] 0.4585099

[[9]]
[1] 0.4585099

[[10]]
[1] 0.4585099

[[11]]
[1] 0.4585099

[[12]]
[1] 0.4585099

[[13]]
[1] 0.4585099

[[14]]
[1] 0.4585099

[[15]]
[1] 0.4585099

[[16]]
[1] 0.4585099

[1] "lhtThreshold"
[1] "even_ave_list"
[[1]]
[1] 0.4719886

[[2]]
[1] 0.4719886

[[3]]
[1] 0.4719886

[[4]]
[1] 0.4719886

[[5]]
[1] 0.4719886

[[6]]
[1] 0.4719886

[[7]]
[1] 0.4719886

[[8]]
[1] 0.4719886

[[9]]
[1] 0.4719886

[[10]]
[1] 0.4719886

[[11]]
[1] 0.4719886

[[12]]
[1] 0.4719886

[[13]]
[1] 0.4719886

[[14]]
[1] 0.4719886

[[15]]
[1] 0.4719886

[[16]]
[1] 0.4719886

[1] "lhtThreshold"
[1] "even_ave_list"
[[1]]
[1] 0.483595

[[2]]
[1] 0.483595

[[3]]
[1] 0.483595

[[4]]
[1] 0.483595

[[5]]
[1] 0.483595

[[6]]
[1] 0.483595

[[7]]
[1] 0.483595

[[8]]
[1] 0.483595

[[9]]
[1] 0.483595

[[10]]
[1] 0.483595

[[11]]
[1] 0.483595

[[12]]
[1] 0.483595

[[13]]
[1] 0.483595

[[14]]
[1] 0.483595

[[15]]
[1] 0.483595

[[16]]
[1] 0.483595

[1] "lhtThreshold"
[1] "even_ave_list"
[[1]]
[1] 0.5001846

[[2]]
[1] 0.5001846

[[3]]
[1] 0.5001846

[[4]]
[1] 0.5001846

[[5]]
[1] 0.5001846

[[6]]
[1] 0.5001846

[[7]]
[1] 0.5001846

[[8]]
[1] 0.5001846

[[9]]
[1] 0.5001846

[[10]]
[1] 0.5001846

[[11]]
[1] 0.5001846

[[12]]
[1] 0.5001846

[[13]]
[1] 0.5001846

[[14]]
[1] 0.5001846

[[15]]
[1] 0.5001846

[[16]]
[1] 0.5001846

[1] "lhtThreshold"
[1] "even_ave_list"
[[1]]
[1] 0.4897552

[[2]]
[1] 0.4897552

[[3]]
[1] 0.4897552

[[4]]
[1] 0.4897552

[[5]]
[1] 0.4897552

[[6]]
[1] 0.4897552

[[7]]
[1] 0.4897552

[[8]]
[1] 0.4897552

[[9]]
[1] 0.4897552

[[10]]
[1] 0.4897552

[[11]]
[1] 0.4897552

[[12]]
[1] 0.4897552

[[13]]
[1] 0.4897552

[[14]]
[1] 0.4897552

[[15]]
[1] 0.4897552

[[16]]
[1] 0.4897552

[1] "lhtThreshold"
[1] "even_ave_list"
[[1]]
[1] 0.4889237

[[2]]
[1] 0.4889237

[[3]]
[1] 0.4889237

[[4]]
[1] 0.4889237

[[5]]
[1] 0.4889237

[[6]]
[1] 0.4889237

[[7]]
[1] 0.4889237

[[8]]
[1] 0.4889237

[[9]]
[1] 0.4889237

[[10]]
[1] 0.4889237

[[11]]
[1] 0.4889237

[[12]]
[1] 0.4889237

[[13]]
[1] 0.4889237

[[14]]
[1] 0.4889237

[[15]]
[1] 0.4889237

[[16]]
[1] 0.4889237

[1] "lhtThreshold"
[1] "even_ave_list"
[[1]]
[1] 0.5037003

[[2]]
[1] 0.5037003

[[3]]
[1] 0.5037003

[[4]]
[1] 0.5037003

[[5]]
[1] 0.5037003

[[6]]
[1] 0.5037003

[[7]]
[1] 0.5037003

[[8]]
[1] 0.5037003

[[9]]
[1] 0.5037003

[[10]]
[1] 0.5037003

[[11]]
[1] 0.5037003

[[12]]
[1] 0.5037003

[[13]]
[1] 0.5037003

[[14]]
[1] 0.5037003

[[15]]
[1] 0.5037003

[[16]]
[1] 0.5037003

[1] "lhtThreshold"
[1] "even_ave_list"
[[1]]
[1] 0.4889237

[[2]]
[1] 0.4889237

[[3]]
[1] 0.4889237

[[4]]
[1] 0.4889237

[[5]]
[1] 0.4889237

[[6]]
[1] 0.4889237

[[7]]
[1] 0.4889237

[[8]]
[1] 0.4889237

[[9]]
[1] 0.4889237

[[10]]
[1] 0.4889237

[[11]]
[1] 0.4889237

[[12]]
[1] 0.4889237

[[13]]
[1] 0.4889237

[[14]]
[1] 0.4889237

[[15]]
[1] 0.4889237

[[16]]
[1] 0.4889237

[1] "lhtThreshold"
[1] "even_ave_list"
[[1]]
[1] 0.532415

[[2]]
[1] 0.532415

[[3]]
[1] 0.532415

[[4]]
[1] 0.532415

[[5]]
[1] 0.532415

[[6]]
[1] 0.532415

[[7]]
[1] 0.532415

[[8]]
[1] 0.532415

[[9]]
[1] 0.532415

[[10]]
[1] 0.532415

[[11]]
[1] 0.532415

[[12]]
[1] 0.532415

[[13]]
[1] 0.532415

[[14]]
[1] 0.532415

[[15]]
[1] 0.532415

[[16]]
[1] 0.532415

[1] "lhtThreshold"
[1] "even_ave_list"
[[1]]
[1] 0.4889237

[[2]]
[1] 0.4889237

[[3]]
[1] 0.4889237

[[4]]
[1] 0.4889237

[[5]]
[1] 0.4889237

[[6]]
[1] 0.4889237

[[7]]
[1] 0.4889237

[[8]]
[1] 0.4889237

[[9]]
[1] 0.4889237

[[10]]
[1] 0.4889237

[[11]]
[1] 0.4889237

[[12]]
[1] 0.4889237

[[13]]
[1] 0.4889237

[[14]]
[1] 0.4889237

[[15]]
[1] 0.4889237

[[16]]
[1] 0.4889237

[1] "lhtThreshold"
[1] "even_ave_list"
[[1]]
[1] 0.5551798

[[2]]
[1] 0.5551798

[[3]]
[1] 0.5551798

[[4]]
[1] 0.5551798

[[5]]
[1] 0.5551798

[[6]]
[1] 0.5551798

[[7]]
[1] 0.5551798

[[8]]
[1] 0.5551798

[[9]]
[1] 0.5551798

[[10]]
[1] 0.5551798

[[11]]
[1] 0.5551798

[[12]]
[1] 0.5551798

[[13]]
[1] 0.5551798

[[14]]
[1] 0.5551798

[[15]]
[1] 0.5551798

[[16]]
[1] 0.5551798

[1] "lhtThreshold"
[1] "even_ave_list"
[[1]]
[1] 0.4669896

[[2]]
[1] 0.4669896

[[3]]
[1] 0.4669896

[[4]]
[1] 0.4669896

[[5]]
[1] 0.4669896

[[6]]
[1] 0.4669896

[[7]]
[1] 0.4669896

[[8]]
[1] 0.4669896

[[9]]
[1] 0.4669896

[[10]]
[1] 0.4669896

[[11]]
[1] 0.4669896

[[12]]
[1] 0.4669896

[[13]]
[1] 0.4669896

[[14]]
[1] 0.4669896

[[15]]
[1] 0.4669896

[[16]]
[1] 0.4669896

[1] "lhtThreshold"
[1] "even_ave_list"
[[1]]
[1] 0.5696407

[[2]]
[1] 0.5696407

[[3]]
[1] 0.5696407

[[4]]
[1] 0.5696407

[[5]]
[1] 0.5696407

[[6]]
[1] 0.5696407

[[7]]
[1] 0.5696407

[[8]]
[1] 0.5696407

[[9]]
[1] 0.5696407

[[10]]
[1] 0.5696407

[[11]]
[1] 0.5696407

[[12]]
[1] 0.5696407

[[13]]
[1] 0.5696407

[[14]]
[1] 0.5696407

[[15]]
[1] 0.5696407

[[16]]
[1] 0.5696407

[1] "lhtThreshold"
[1] "even_ave_list"
[[1]]
[1] 0.4669896

[[2]]
[1] 0.4669896

[[3]]
[1] 0.4669896

[[4]]
[1] 0.4669896

[[5]]
[1] 0.4669896

[[6]]
[1] 0.4669896

[[7]]
[1] 0.4669896

[[8]]
[1] 0.4669896

[[9]]
[1] 0.4669896

[[10]]
[1] 0.4669896

[[11]]
[1] 0.4669896

[[12]]
[1] 0.4669896

[[13]]
[1] 0.4669896

[[14]]
[1] 0.4669896

[[15]]
[1] 0.4669896

[[16]]
[1] 0.4669896

[1] "lhtThreshold"
[1] "even_ave_list"
[[1]]
[1] 0.5610935

[[2]]
[1] 0.5610935

[[3]]
[1] 0.5610935

[[4]]
[1] 0.5610935

[[5]]
[1] 0.5610935

[[6]]
[1] 0.5610935

[[7]]
[1] 0.5610935

[[8]]
[1] 0.5610935

[[9]]
[1] 0.5610935

[[10]]
[1] 0.5610935

[[11]]
[1] 0.5610935

[[12]]
[1] 0.5610935

[[13]]
[1] 0.5610935

[[14]]
[1] 0.5610935

[[15]]
[1] 0.5610935

[[16]]
[1] 0.5610935

[1] "lhtThreshold"
[1] "even_ave_list"
[[1]]
[1] 0.439338

[[2]]
[1] 0.439338

[[3]]
[1] 0.439338

[[4]]
[1] 0.439338

[[5]]
[1] 0.439338

[[6]]
[1] 0.439338

[[7]]
[1] 0.439338

[[8]]
[1] 0.439338

[[9]]
[1] 0.439338

[[10]]
[1] 0.439338

[[11]]
[1] 0.439338

[[12]]
[1] 0.439338

[[13]]
[1] 0.439338

[[14]]
[1] 0.439338

[[15]]
[1] 0.439338

[[16]]
[1] 0.439338

[1] "lhtThreshold"
[1] "even_ave_list"
[[1]]
[1] 0.5260085

[[2]]
[1] 0.5260085

[[3]]
[1] 0.5260085

[[4]]
[1] 0.5260085

[[5]]
[1] 0.5260085

[[6]]
[1] 0.5260085

[[7]]
[1] 0.5260085

[[8]]
[1] 0.5260085

[[9]]
[1] 0.5260085

[[10]]
[1] 0.5260085

[[11]]
[1] 0.5260085

[[12]]
[1] 0.5260085

[[13]]
[1] 0.5260085

[[14]]
[1] 0.5260085

[[15]]
[1] 0.5260085

[[16]]
[1] 0.5260085


> sink()                     # 入力終了
