4.875
1.0625
2.322917
2.335938
2.34375
2.348958
0.9196429
3.597656
3.722222
1.0625
2.292614
0.7786458
5.274038
0.7544643
2.23125
2.216797
2.216912
2.222222
3.28125
1.23125
2.235119
2.238636
2.245924
2.252604
2.26125
2.266827
2.273148
2.279018
0.2144397
5.784375
0.8245968
2.27621
2.272917
2.273707
2.271205
2.267361
2.263221
2.25875
2.255208
2.251359
2.252841
2.258929
1.017187
3.590461
2.277778
1.117647
2.318359
5.30625
0.5982143
2.350962
2.351562
2.357955
2.3625
2.368056
2.363281
2.357143
2.338542
2.325
2.296875
2.25
2.171875
2.03125
